2 0.146875 0.087963 0.144792 0.174074
2 0.036198 0.348148 0.071354 0.312963
2 0.501563 0.320370 0.063542 0.233333
2 0.577083 0.268981 0.094792 0.265741
2 0.885417 0.095833 0.148958 0.104630
2 0.580469 0.049537 0.152604 0.062037
2 0.329948 0.055556 0.155729 0.109259
1 0.027083 0.648611 0.053125 0.202778
1 0.144531 0.924074 0.120313 0.150000
1 0.448437 0.846296 0.112500 0.207407
1 0.536198 0.642130 0.049479 0.263889
1 0.590885 0.910185 0.091146 0.179630
0 0.060677 0.802315 0.052604 0.112037
0 0.440365 0.150926 0.064062 0.107407
1 0.448698 0.037963 0.072396 0.064815
1 0.730729 0.059259 0.129167 0.087037
1 0.063281 0.067130 0.093229 0.132407
