2 0.148177 0.089815 0.143229 0.172222
2 0.038802 0.350000 0.076563 0.312963
2 0.272656 0.974537 0.141146 0.050926
2 0.497656 0.312963 0.069271 0.224074
2 0.572917 0.270370 0.094792 0.268519
2 0.329948 0.056019 0.155729 0.110185
2 0.885677 0.094444 0.149479 0.101852
2 0.580208 0.049537 0.156250 0.069444
1 0.066667 0.068519 0.093750 0.135185
1 0.448437 0.043056 0.070833 0.065741
1 0.732812 0.068056 0.134375 0.086111
1 0.531771 0.646296 0.050000 0.253704
1 0.589063 0.906944 0.090625 0.186111
1 0.444531 0.851389 0.111979 0.204630
1 0.143229 0.927315 0.116667 0.143519
1 0.028646 0.646759 0.056250 0.206481
0 0.060417 0.801389 0.055208 0.110185
0 0.441667 0.152778 0.062500 0.103704
