2 0.388077 0.482161 0.056154 0.232416
1 0.560385 0.532620 0.080769 0.135576
1 0.448462 0.873089 0.069231 0.039755
1 0.906154 0.799185 0.093846 0.116208
1 0.931154 0.182467 0.113077 0.130479
1 0.498462 0.045362 0.146154 0.058104
2 0.199615 0.034149 0.176154 0.066259
2 0.585769 0.887870 0.163846 0.071356
2 0.333462 0.874618 0.153077 0.048930
2 0.954615 0.407238 0.056923 0.200815
2 0.728846 0.076453 0.140769 0.067278
2 0.055000 0.840469 0.108462 0.066259
5 0.182692 0.320591 0.076154 0.149847
5 0.807692 0.711009 0.110769 0.058104
4 0.710769 0.506626 0.138462 0.238532
4 0.828462 0.551478 0.146154 0.203874
6 0.223462 0.575943 0.080769 0.099898
