2 0.147917 0.089815 0.142708 0.172222
2 0.038802 0.349074 0.076563 0.314815
2 0.271615 0.973611 0.141146 0.052778
2 0.496615 0.312963 0.069271 0.224074
2 0.572917 0.268519 0.094792 0.268519
2 0.329948 0.056019 0.155729 0.110185
2 0.885417 0.093519 0.148958 0.101852
2 0.579688 0.048611 0.156250 0.069444
1 0.066667 0.068519 0.093750 0.135185
1 0.447917 0.043056 0.070833 0.065741
1 0.732292 0.068056 0.134375 0.086111
1 0.531771 0.644444 0.050000 0.253704
1 0.589063 0.906019 0.090625 0.186111
1 0.443490 0.850463 0.111979 0.206481
1 0.142969 0.926389 0.117188 0.143519
1 0.028646 0.644907 0.056250 0.206481
0 0.060417 0.801389 0.055208 0.110185
0 0.441667 0.152778 0.062500 0.103704
4 0.291667 0.470833 0.166667 0.249074
4 0.277344 0.482407 0.135937 0.327778
5 0.638021 0.545833 0.084375 0.173148
5 0.813542 0.738889 0.079167 0.205556
7 0.756510 0.392130 0.100521 0.095370
