2 0.146615 0.087963 0.145313 0.174074
2 0.036198 0.345370 0.071354 0.312963
2 0.501563 0.318519 0.063542 0.233333
2 0.576042 0.268056 0.094792 0.265741
2 0.885417 0.093056 0.148958 0.104630
2 0.580469 0.046759 0.152604 0.062037
2 0.329948 0.055556 0.155729 0.109259
1 0.026823 0.647222 0.052604 0.205556
1 0.144271 0.921296 0.120833 0.150000
1 0.447917 0.843519 0.112500 0.207407
1 0.536198 0.642130 0.049479 0.263889
1 0.590365 0.908333 0.091146 0.181481
0 0.060417 0.802315 0.052083 0.112037
0 0.440365 0.149537 0.064062 0.106481
1 0.448698 0.036574 0.072396 0.067593
1 0.730469 0.056481 0.129688 0.087037
1 0.062240 0.067130 0.093229 0.132407
