2 0.388675 0.482600 0.059322 0.230297
1 0.557011 0.532242 0.077042 0.133060
2 0.586672 0.882805 0.159476 0.062436
2 0.334746 0.873593 0.148690 0.048106
2 0.051618 0.851075 0.101695 0.070624
2 0.956857 0.397646 0.057011 0.205732
2 0.731125 0.071648 0.143297 0.071648
2 0.205316 0.034289 0.171803 0.066530
1 0.497689 0.045548 0.149461 0.062436
1 0.932589 0.181679 0.105547 0.129990
1 0.903313 0.799898 0.093220 0.125896
1 0.449153 0.873593 0.080123 0.039918
5 0.182974 0.311157 0.079353 0.147390
5 0.808937 0.714432 0.110940 0.061412
4 0.712635 0.501535 0.147920 0.243603
4 0.829353 0.547595 0.142527 0.221085
7 0.222650 0.576254 0.084746 0.108495
