2 0.388077 0.483180 0.056154 0.232416
1 0.560385 0.532620 0.080769 0.135576
1 0.448462 0.873089 0.069231 0.039755
1 0.906154 0.799185 0.093846 0.116208
1 0.931923 0.183486 0.113077 0.130479
1 0.498462 0.046381 0.146154 0.058104
2 0.200000 0.034149 0.176923 0.066259
2 0.586538 0.887870 0.163846 0.071356
2 0.333462 0.874618 0.153077 0.048930
2 0.955000 0.407238 0.056154 0.200815
2 0.729615 0.076453 0.140769 0.067278
2 0.055000 0.841488 0.108462 0.066259
5 0.184231 0.316514 0.077692 0.149847
4 0.710385 0.508665 0.136154 0.234455
4 0.828846 0.550459 0.142308 0.216106
5 0.809615 0.712029 0.103846 0.058104
7 0.225385 0.578491 0.076923 0.098879
